00000000000000000000000000000000
00000000000000000000000000000000
00001000000000000000000000000000
00000100000000000000111000000000
00011100000000000001110000000000
00000000000000000000000000000000
00000000000000000000000000010000
00000000000000000000000000010000
00000000000000000000000000010000
00000000000000000000000000000000
00000000000000000000000000000000
00000000000000000000000011100000
00000000000000000000000000000000
00000000000000000000000000000000
00000000000000000000000000000000
00000000000000000000000000000000
00000000000000000000000000000000
00000000000000000000000000000000
00110000000000000000000000000000
00110000000000000000000000000000
00001100000000000000000000000000
00001100000000000000000000000000
00000000000000000000000000000000
00000000000000000000000000000000
00000000000000000000000000000000
00000000000000000000000000000000
00000000000000000000000000000000
00011000000000000000000000000000
00100100000000000000000000000000
00010100000000000000000000000000
00001000000000000000000000000000
00000000000000000000000000000000
