0 31 27 31 29 29 29 38 28 27 27 36 30 31 28 28 33 32
31 0 27 26 28 26 29 38 30 29 25 34 34 28 27 32 30 26
27 27 0 28 28 27 31 37 28 27 26 36 34 27 28 30 31 28
31 26 28 0 25 25 26 35 26 28 28 29 30 26 28 31 28 27
29 28 28 25 0 30 26 40 29 27 25 28 28 31 31 28 28 28
29 26 27 25 30 0 34 38 30 29 31 29 31 32 25 29 30 31
29 29 31 26 26 34 0 48 30 27 22 37 32 30 30 30 30 32
38 38 37 35 40 38 48 0 38 39 39 36 38 40 39 41 38 35
28 30 28 26 29 30 30 38 0 26 30 34 30 27 32 31 31 28
27 29 27 28 27 29 27 39 26 0 25 33 27 24 29 28 28 29
27 25 26 28 25 31 22 39 30 25 0 32 27 29 29 25 30 28
36 34 36 29 28 29 37 36 34 33 32 0 29 34 31 32 25 34
30 34 34 30 28 31 32 38 30 27 27 29 0 33 33 27 29 30
31 28 27 26 31 32 30 40 27 24 29 34 33 0 28 27 29 33
28 27 28 28 31 25 30 39 32 29 29 31 33 28 0 28 28 31
28 32 30 31 28 29 30 41 31 28 25 32 27 27 28 0 29 30
33 30 31 28 28 30 30 38 31 28 30 25 29 29 28 29 0 31
32 26 28 27 28 31 32 35 28 29 28 34 30 33 31 30 31 0
